static 1:
1	 7.16526   7.31157   9.3715	
2	 3.92203   4.87744   3.7913
4	 2.70775   2.7069     3.23199
8	 1.90577   1.68452   1.91779
16	 2.66476   2.434     1.93533
32	 2.97473    2.17674  2.03996

static 2:
1	8.1057     8.02806  8.505
2	4.55331	    5.08291 5.66816
4	3.75823  2.47447  2.5251
8	1.76562  1.86041  1.77502
16	2.44028  3.23112  1.85909
32	1.8798 1.94436  2.34103

static 4:
1	7.44769 7.43585 7.02171
2	4.38773 4.77587 4.78255
4	2.83651 2.54883 2.1885
8	1.94519 1.91092 1.84202
16	2.38629 1.92123 2.97928
32	2.78202 3.16704 2.63565

dynamic 1:
1	9.99048 9.56975 10.9692
2	11.658 11.7336 11.6952
4	14.3356	14.5433 14.8234
8	13.5728 13.6772 15.1277
16	14.7221 14.9029 13.909
32	13.9494 16.1149 14.4855

dynamic 2:
1	9.46529 9.28338 10.2079
2	9.79693 9.48513 8.86375
4	11.1885 11.3251 10.5539
8	8.54698 9.62927 11.0628
16	9.79338 9.76168 9.97037
32	8.7719 8.58426 10.0167

dynamic 4:
1	8.93425 9.21988 10.1112
2	8.46044 7.78184 7.36295
4	8.08282 7.80297 7.45552
8	6.30176	5.47249 6.35852
16	6.42716 6.75441 5.92122
32	6.27552 6.30114 6.5667